image_width: 752
image_height: 480
camera_name: mv_25001326
camera_matrix:
  rows: 3
  cols: 3
  data: [518.3875158184685, 0, 338.1856366025994, 0, 519.0916251083504, 238.6331257639768, 0, 0, 1]
distortion_model: plumb_bob
distortion_coefficients:
  rows: 1
  cols: 5
  data: [-0.3766690035190132, 0.1176888303252913, -0.0005842387318401398, -0.002701005829035226, 0]
rectification_matrix:
  rows: 3
  cols: 3
  data: [0.999662204831288, 0.01134176435513305, 0.02338462343423177, -0.01153598828972763, 0.9998999377586704, 0.008187517596103288, -0.02328942262116979, -0.008454516634312532, 0.9996930148512855]
projection_matrix:
  rows: 3
  cols: 4
  data: [483.3707750262415, 0, 354.5998344421387, 0, 0, 483.3707750262415, 238.3756256103516, 0, 0, 0, 1, 0]