image_width: 752
image_height: 480
camera_name: mv_25001276
camera_matrix:
  rows: 3
  cols: 3
  data: [515.1204514826657, 0, 388.5623598402102, 0, 515.636549259127, 239.7897864178486, 0, 0, 1]
distortion_model: plumb_bob
distortion_coefficients:
  rows: 1
  cols: 5
  data: [-0.3679529388260349, 0.114022547131911, -0.001312724877275881, 0.001829316193452548, 0]
rectification_matrix:
  rows: 3
  cols: 3
  data: [0.9999348969305423, -0.009552086452260054, -0.006241758158906511, 0.009499812681302728, 0.9999199997691977, -0.00835150409135451, 0.006321033105900188, 0.008291664849492002, 0.9999456449400125]
projection_matrix:
  rows: 3
  cols: 4
  data: [483.3707750262415, 0, 354.5998344421387, -67.41317540203991, 0, 483.3707750262415, 238.3756256103516, 0, 0, 0, 1, 0]