image_width: 752
image_height: 480
camera_name: mv_25001326
camera_matrix:
  rows: 3
  cols: 3
  data: [519.8938013919869, 0, 333.2563268411278, 0, 519.8941085828844, 237.1084112232608, 0, 0, 1]
distortion_model: plumb_bob
distortion_coefficients:
  rows: 1
  cols: 5
  data: [-0.4070970762249198, 0.1524071080551838, 0.000259500932856702, -0.0003066255953266009, 0]
rectification_matrix:
  rows: 3
  cols: 3
  data: [1, 0, 0, 0, 1, 0, 0, 0, 1]
projection_matrix:
  rows: 3
  cols: 4
  data: [397.5398254394531, 0, 316.9603909338366, 0, 0, 467.3512573242188, 236.0697109973116, 0, 0, 0, 1, 0]